VERTEX_SE3:QUAT 0 0 0 0 0 -0 0 1               0
VERTEX_SE3:QUAT 1 0.000267821 -0.0070737 -0.00439856 -0.000588566 0.000225047 -3.12346e-05 1      0.00833404
VERTEX_SE3:QUAT 2 -0.00237967 -0.00265002 0.00814409 -0.000902788 0.00054809 -7.34923e-05 0.999999       0.0218949
VERTEX_SE3:QUAT 3 -0.00196656 0.00897446 0.0912636 -0.00132303 0.00103736 -2.91584e-05 0.999999        0.105824
VERTEX_SE3:QUAT 4 0.00245673 0.00801991 0.219376 -0.000949056 0.00197469 -0.000232651 0.999998        0.234017
VERTEX_SE3:QUAT 5 0.0102804 0.00957401 0.385705 -0.000980912 0.00430887 -0.00032138 0.99999        0.400536
VERTEX_SE3:QUAT 6 -0.000679034 0.00490972 0.592749 -0.000137505 0.00608631 -0.000381637 0.999981        0.607923
VERTEX_SE3:QUAT 7 -0.0029196 0.00576208 0.78699 -0.000392254 0.00794994 -0.000377783 0.999968        0.802179
VERTEX_SE3:QUAT 8 0.0124765 0.0121977 1.01074 -0.000385802 0.0106601 -0.000579238 0.999943         1.02655
VERTEX_SE3:QUAT 9 0.0225598 0.0202512 1.21994 -0.000450225 0.0131325 -0.000691341 0.999913         1.23615
VERTEX_SE3:QUAT 10 0.0267499 0.0309908 1.42409 -0.000735065 0.0157304 -0.000842964 0.999876         1.44062
VERTEX_SE3:QUAT 11 0.0340877 0.0370593 1.64496 -0.00100842 0.017995 -0.00063215 0.999837          1.6617
VERTEX_SE3:QUAT 12 0.0413196 0.0465333 1.8835 -0.00111356 0.0216071 -0.000307726 0.999766         1.90054
VERTEX_SE3:QUAT 13 0.0506581 0.048749 2.10695 -0.00138301 0.0240397 -0.000600869 0.99971         2.12419
VERTEX_SE3:QUAT 14 0.0689484 0.0432098 2.37789 -0.00125715 0.027722 -0.00109339 0.999614          2.3958
VERTEX_SE3:QUAT 15 0.075242 0.0691891 2.65456 -0.00198789 0.0311133 -0.000988752 0.999513         2.67376
VERTEX_SE3:QUAT 16 0.0923658 0.0750722 2.94793 -0.00231919 0.0345361 -0.00127517 0.9994         2.96769
VERTEX_SE3:QUAT 17 0.128929 0.0785777 3.28697 -0.00182761 0.0383026 -0.00201207 0.999262         3.30872
VERTEX_SE3:QUAT 18 0.161096 0.0915741 3.64074 -0.00144592 0.0418418 -0.00234231 0.99912         3.66418
VERTEX_SE3:QUAT 19 0.177264 0.0894247 4.0154 -0.0019134 0.0447579 -0.00203833 0.998994          4.0392
VERTEX_SE3:QUAT 20 0.220919 0.11509 4.41618 -0.000999481 0.0470152 -0.00276443 0.99889         4.44316
VERTEX_SE3:QUAT 21 0.259652 0.116403 4.80979 -0.00156956 0.0478387 -0.00370406 0.998847         4.83868
VERTEX_SE3:QUAT 22 0.288803 0.128995 5.2486 0.000139622 0.0463636 -0.00380944 0.998917         5.27864
VERTEX_SE3:QUAT 23 0.326721 0.159695 5.67589 0.000659385 0.0450734 -0.00361618 0.998977          5.7087
VERTEX_SE3:QUAT 24 0.356735 0.177991 6.10953 0.000266072 0.0431002 -0.00409437 0.999062         6.14376
VERTEX_SE3:QUAT 25 0.396274 0.182473 6.5421 0.000321797 0.0410217 -0.00444211 0.999148         6.57816
VERTEX_SE3:QUAT 26 0.431007 0.193225 6.98886 0.00177819 0.0395773 -0.00464383 0.999204         7.02639
VERTEX_SE3:QUAT 27 0.466762 0.206407 7.42004 0.000296325 0.0386648 -0.00502637 0.99924         7.45926
VERTEX_SE3:QUAT 28 0.496379 0.218063 7.85728 0.000949409 0.0367242 -0.00533546 0.999311         7.89765
VERTEX_SE3:QUAT 29 0.512026 0.247638 8.30707 0.00309898 0.0351881 -0.00499713 0.999363         8.34869
VERTEX_SE3:QUAT 30 0.539439 0.212121 8.71423 -0.000849462 0.0335175 -0.00402643 0.99943         8.75832
VERTEX_SE3:QUAT 31 0.567656 0.25684 9.16743 0.00375035 0.031678 -0.00505774 0.999478         9.21458
VERTEX_SE3:QUAT 32 0.596631 0.263447 9.58357 0.00204604 0.0308321 -0.00586721 0.999505         9.63179
VERTEX_SE3:QUAT 33 0.608677 0.28911 10.0136 0.00233155 0.0298356 -0.00488129 0.99954         10.0628
VERTEX_SE3:QUAT 34 0.62229 0.274282 10.4314 0.00136105 0.0279124 -0.00386178 0.999602          10.481
VERTEX_SE3:QUAT 35 0.654001 0.2944 10.8482 0.00047928 0.0272257 -0.00474783 0.999618         10.8995
VERTEX_SE3:QUAT 36 0.664871 0.319548 11.27 0.000770972 0.0255437 -0.00542061 0.999659         11.3222
VERTEX_SE3:QUAT 37 0.679706 0.326667 11.6837 0.000501642 0.0242204 -0.00410926 0.999698         11.7362
VERTEX_SE3:QUAT 38 0.687272 0.321375 12.1132 -3.57892e-05 0.023044 -0.00303666 0.99973         12.1658
VERTEX_SE3:QUAT 39 0.707633 0.348085 12.5291 7.59184e-05 0.0216062 -0.00386983 0.999759         12.5831
VERTEX_SE3:QUAT 40 0.718214 0.36534 12.9774 0.00125925 0.0206578 -0.00348609 0.99978         13.0318
VERTEX_SE3:QUAT 41 0.725056 0.380456 13.3938 0.000660328 0.0196154 -0.00319769 0.999802         13.4486
VERTEX_SE3:QUAT 42 0.746515 0.412501 13.8278 0.000991477 0.0182017 -0.00369487 0.999827         13.8843
VERTEX_SE3:QUAT 43 0.748788 0.426521 14.2657 0.00130918 0.0165832 -0.00222686 0.999859         14.3225
VERTEX_SE3:QUAT 44 0.757497 0.422961 14.6988 -3.00008e-05 0.0155182 -0.00161374 0.999878         14.7556
VERTEX_SE3:QUAT 45 0.770358 0.433984 15.1415 0.000104743 0.0134818 -0.00259933 0.999906         15.1986
VERTEX_SE3:QUAT 46 0.776595 0.444002 15.5871 -0.000771967 0.0118707 -0.00257837 0.999926         15.6444
VERTEX_SE3:QUAT 47 0.783343 0.466454 16.0442 0.000705631 0.0105618 -0.00249034 0.999941         16.1022
VERTEX_SE3:QUAT 48 0.797672 0.454124 16.4808 -0.00139476 0.0100239 -0.00202893 0.999947         16.5391
VERTEX_SE3:QUAT 49 0.7987 0.513972 16.9374 -3.19927e-05 0.0111295 -0.00169271 0.999937         16.9996
VERTEX_SE3:QUAT 50 0.81136 0.501272 17.3971 -0.000197765 0.0129016 -0.00168789 0.999915         17.4596
VERTEX_SE3:QUAT 51 0.817632 0.525645 17.8601 -0.00104012 0.014925 -0.00165906 0.999887         17.9233
VERTEX_SE3:QUAT 52 0.828683 0.507666 18.3325 -0.00198694 0.0169102 -0.00131353 0.999854         18.3962
VERTEX_SE3:QUAT 53 0.837787 0.52453 18.8339 -0.0047391 0.01812 -0.00115318 0.999824          18.898
VERTEX_SE3:QUAT 54 0.846618 0.553024 19.3398 -0.00255099 0.0193684 -0.00107466 0.999809         19.4047
VERTEX_SE3:QUAT 55 0.860029 0.581803 19.8778 -0.00622041 0.0179241 -0.000853618 0.99982         19.9437
VERTEX_SE3:QUAT 56 0.878556 0.591553 20.4328 -0.00296545 0.0157674 -0.00105798 0.999871         20.4991
VERTEX_SE3:QUAT 57 0.897719 0.620064 21.008 -0.00589611 0.0144512 -0.000756623 0.999878         21.0753
VERTEX_SE3:QUAT 58 0.905834 0.66219 21.6013 -0.00678528 0.0139037 -0.00193596 0.999878         21.6701
VERTEX_SE3:QUAT 59 0.91878 0.656434 22.2299 -0.00377288 0.0119876 -0.000297995 0.999921         22.2989
VERTEX_SE3:QUAT 60 0.924235 0.688709 22.8665 0.00137606 0.0126879 -0.0015403 0.999917         22.9364
VERTEX_SE3:QUAT 61 0.941342 0.693244 23.4749 -0.00175713 0.0133187 0.00120507 0.999909          23.545
VERTEX_SE3:QUAT 62 0.950124 0.745156 24.0858 -0.0001871 0.0155112 -0.00184723 0.999878         24.1582
VERTEX_SE3:QUAT 63 0.965793 0.740053 24.6853 -0.00423422 0.0179143 0.000932761 0.99983         24.7579
VERTEX_SE3:QUAT 64 0.9872 0.778724 25.2972 0.00242525 0.0199301 -0.00151637 0.999797         25.3714
VERTEX_SE3:QUAT 65 1.01426 0.827111 25.8704 -0.00139991 0.0216549 -0.00135838 0.999764         25.9473
VERTEX_SE3:QUAT 66 1.02966 0.834795 26.4549 -0.00044425 0.0231993 -0.00258389 0.999727          26.532
VERTEX_SE3:QUAT 67 1.06065 0.8394 27.0226 -0.0032207 0.0234956 -0.00166982 0.999717         27.1006
VERTEX_SE3:QUAT 68 1.08174 0.887819 27.5887 -0.000853408 0.0235322 -0.00310616 0.999718         27.6692
VERTEX_SE3:QUAT 69 1.11951 0.897652 28.1396 -0.0038937 0.0245131 -0.00215372 0.99969         28.2214
VERTEX_SE3:QUAT 70 1.13716 0.893544 28.6855 -0.00143153 0.0241947 -0.00349589 0.9997         28.7676
VERTEX_SE3:QUAT 71 1.15531 0.962881 29.2228 -0.0018489 0.0237219 -0.0028555 0.999713         29.3097
VERTEX_SE3:QUAT 72 1.1756 0.951019 29.7508 -0.00331304 0.0226467 -0.00351628 0.999732         29.8383
VERTEX_SE3:QUAT 73 1.19813 0.965012 30.2878 -0.00290334 0.0217327 -0.00432764 0.99975         30.3759
VERTEX_SE3:QUAT 74 1.21901 0.957341 30.8263 -0.00223763 0.0206641 -0.00385432 0.999777         30.9148
VERTEX_SE3:QUAT 75 1.24348 1.00659 31.3483 -0.00195483 0.0201697 -0.00445167 0.999785         31.4397
VERTEX_SE3:QUAT 76 1.25772 1.0386 31.8765 -0.00341856 0.0178096 -0.00486408 0.999824         31.9691
VERTEX_SE3:QUAT 77 1.27275 1.07285 32.4237 -0.00385202 0.0168352 -0.00564028 0.999835         32.5176
VERTEX_SE3:QUAT 78 1.27431 1.01055 32.9627 -0.00685075 0.0145658 -0.00407041 0.999862         33.0601
VERTEX_SE3:QUAT 79 1.30104 1.10356 33.5298 0.000677941 0.0122181 -0.00598884 0.999907         33.6355
VERTEX_SE3:QUAT 80 1.3106 1.12884 34.06 -0.00136138 0.00612701 -0.00680755 0.999957         34.1664
VERTEX_SE3:QUAT 81 1.303 1.14668 34.5511 -0.000559433 -0.00208889 -0.00661489 0.999976         34.6578
VERTEX_SE3:QUAT 82 1.29227 1.15902 35.0364 -0.00109421 -0.0115274 -0.00591452 0.999915         35.1434
VERTEX_SE3:QUAT 83 1.2699 1.18285 35.4836 -0.000343445 -0.0258204 -0.0063852 0.999646         35.5918
VERTEX_SE3:QUAT 84 1.23353 1.2016 35.9134 -0.000603031 -0.0399365 -0.00589185 0.999185         36.0235
VERTEX_SE3:QUAT 85 1.17911 1.2204 36.3142 -0.00104022 -0.0574247 -0.00490899 0.998337         36.4285
VERTEX_SE3:QUAT 86 1.11503 1.22017 36.7057 -0.00221592 -0.0779474 -0.00427598 0.996946         36.8251
VERTEX_SE3:QUAT 87 1.0439 1.23783 37.0891 -0.00220643 -0.101911 -0.00463744 0.99478         37.2155
VERTEX_SE3:QUAT 88 0.94243 1.27019 37.446 -0.00175194 -0.127068 -0.00378522 0.991885          37.588
VERTEX_SE3:QUAT 89 0.827021 1.26853 37.8099 -0.00306064 -0.151724 -0.00250349 0.988415         37.9697
VERTEX_SE3:QUAT 90 0.700289 1.27712 38.1417 -0.00338992 -0.177704 -0.00125899 0.984077          38.325
VERTEX_SE3:QUAT 91 0.548823 1.30309 38.494 -0.00401086 -0.204201 -0.00102515 0.97892         38.7094
VERTEX_SE3:QUAT 92 0.379961 1.29963 38.8328 -0.00515998 -0.231462 0.000117536 0.97283         39.0879
VERTEX_SE3:QUAT 93 0.173209 1.33935 39.1742 -0.00499892 -0.260045 0.00117628 0.965583         39.4891
VERTEX_SE3:QUAT 94 -0.0530098 1.33369 39.5277 -0.00595979 -0.289082 0.00111627 0.957285         39.9087
VERTEX_SE3:QUAT 95 -0.310777 1.34385 39.8689 -0.00668836 -0.319383 0.00163633 0.947601         40.3365
VERTEX_SE3:QUAT 96 -0.59973 1.43015 40.2146 -0.00400893 -0.349706 0.00264698 0.936847         40.7953
VERTEX_SE3:QUAT 97 -1.24015 1.36294 40.8482 -0.00798707 -0.41237 0.00488843 0.910968         41.6986
VERTEX_SE3:QUAT 98 -1.62735 1.45673 41.1213 -0.00517274 -0.440237 0.00794043 0.897832         42.1817
VERTEX_SE3:QUAT 99 -2.00405 1.39885 41.3826 -0.00852157 -0.467927 0.00655955 0.883702         42.6437
VERTEX_SE3:QUAT 100 -2.41661 1.48266 41.6442 -0.00677719 -0.494377 0.00900219 0.869174         43.1394
VERTEX_SE3:QUAT 101 -2.83766 1.44824 41.8611 -0.0080865 -0.519099 0.00952416 0.854623         43.6142
VERTEX_SE3:QUAT 102 -3.71496 1.50075 42.2421 -0.00934893 -0.562079 0.0123076 0.826939         44.5722
VERTEX_SE3:QUAT 103 -4.17062 1.54456 42.4091 -0.0080071 -0.581319 0.0131611 0.81353         45.0594
VERTEX_SE3:QUAT 104 -4.6162 1.5204 42.5487 -0.0106922 -0.597785 0.0128737 0.801481          45.527
VERTEX_SE3:QUAT 105 -5.081 1.53521 42.6598 -0.0107956 -0.610796 0.0133044 0.791603         46.0051
VERTEX_SE3:QUAT 106 -6.01576 1.56827 42.8625 -0.0108327 -0.631202 0.0154213 0.775389         46.9622
VERTEX_SE3:QUAT 107 -6.48871 1.56703 42.9504 -0.0111626 -0.638776 0.0149439 0.769166         47.4432
VERTEX_SE3:QUAT 108 -6.99802 1.58651 43.0241 -0.00975426 -0.644234 0.0154864 0.764609         47.9582
VERTEX_SE3:QUAT 109 -7.51063 1.5832 43.1157 -0.0142106 -0.651202 0.0103522 0.758701         48.4789
VERTEX_SE3:QUAT 110 -8.0728 1.6031 43.1884 -0.01175 -0.657719 0.0161215 0.753         49.0462
VERTEX_SE3:QUAT 111 -9.26339 1.60771 43.3133 -0.013812 -0.670043 0.0152819 0.742037         50.2433
VERTEX_SE3:QUAT 112 -9.90178 1.61296 43.3706 -0.0119478 -0.674777 0.0144328 0.737784         50.8843
VERTEX_SE3:QUAT 113 -10.5604 1.74057 43.3965 -0.0155256 -0.678349 0.0156611 0.734409         51.5556
VERTEX_SE3:QUAT 114 -11.1924 1.68751 43.4649 -0.0136822 -0.678449 0.0174737 0.734312         52.1935
VERTEX_SE3:QUAT 115 -11.8887 1.68575 43.5054 -0.0135797 -0.680019 0.0172831 0.732865          52.891
VERTEX_SE3:QUAT 116 -12.5904 1.74403 43.5443 -0.0111083 -0.68142 0.0202647 0.731528         53.5962
VERTEX_SE3:QUAT 117 -13.2916 1.70817 43.603 -0.0115266 -0.682055 0.0197763 0.730943         54.3007
VERTEX_SE3:QUAT 118 -14.0157 1.77792 43.6505 -0.00722316 -0.683701 0.0222992 0.729385         55.0298
VERTEX_SE3:QUAT 119 -15.4445 1.72482 43.7302 -0.00596088 -0.685455 0.022705 0.727736         56.4617
VERTEX_SE3:QUAT 120 -16.1447 1.83488 43.7715 -0.0060668 -0.686492 0.0211303 0.726805         57.1718
VERTEX_SE3:QUAT 121 -16.8604 1.7873 43.8219 -0.00864043 -0.68763 0.0171406 0.725808         57.8908
VERTEX_SE3:QUAT 122 -18.2854 1.84783 43.8693 -0.010517 -0.690581 0.0163057 0.722995         59.3179
VERTEX_SE3:QUAT 123 -18.9938 1.88272 43.8971 -0.00356664 -0.690978 0.0207665 0.722569         60.0277
VERTEX_SE3:QUAT 124 -19.6887 1.91923 43.9186 -0.00913697 -0.691097 0.0175561 0.722491         60.7239
VERTEX_SE3:QUAT 125 -20.3959 1.7893 43.9493 -0.00870734 -0.690845 0.0171242 0.722747         61.4436
VERTEX_SE3:QUAT 126 -21.087 1.8655 43.9789 -0.00970044 -0.690912 0.0173374 0.722666         62.1394
VERTEX_SE3:QUAT 127 -21.7706 1.88895 43.9926 -0.0117345 -0.690866 0.0159691 0.722711         62.8236
VERTEX_SE3:QUAT 128 -22.466 1.91951 44.0224 -0.00838491 -0.690939 0.0186755 0.722623         63.5204
VERTEX_SE3:QUAT 129 -23.1432 1.9574 44.0415 -0.0119718 -0.690679 0.0151607 0.722903         64.1989
VERTEX_SE3:QUAT 130 -23.8361 1.98031 44.0593 -0.00766345 -0.690777 0.0192292 0.722772         64.8923
VERTEX_SE3:QUAT 131 -24.5155 2.00526 44.0789 -0.00906637 -0.690531 0.018275 0.723015         65.5725
VERTEX_SE3:QUAT 132 -25.1993 1.97133 44.1061 -0.0112579 -0.690647 0.0171161 0.722902         66.2577
VERTEX_SE3:QUAT 133 -25.868 2.01965 44.1257 -0.00913494 -0.69048 0.0183814 0.72306         66.9284
VERTEX_SE3:QUAT 134 -26.5609 2.03437 44.1531 -0.00948074 -0.69006 0.0182072 0.723461         67.6221
VERTEX_SE3:QUAT 135 -27.946 2.07295 44.2096 -0.00802497 -0.690716 0.0187663 0.722838         69.0088
VERTEX_SE3:QUAT 136 -28.6216 2.06539 44.231 -0.00926847 -0.692382 0.0173617 0.721263         69.6848
VERTEX_SE3:QUAT 137 -29.3143 2.06767 44.2575 -0.00961858 -0.693837 0.0175232 0.719854          70.378
VERTEX_SE3:QUAT 138 -29.9837 2.08108 44.282 -0.0121175 -0.694619 0.0151203 0.719117          71.048
VERTEX_SE3:QUAT 139 -30.7033 2.04769 44.2981 -0.0120874 -0.694813 0.0156217 0.71892         71.7686
VERTEX_SE3:QUAT 140 -31.3811 2.11242 44.3102 -0.0114126 -0.695476 0.0157826 0.718285         72.4496
VERTEX_SE3:QUAT 141 -32.0869 2.09342 44.3233 -0.0119355 -0.695957 0.0159219 0.717807         73.1557
VERTEX_SE3:QUAT 142 -32.773 2.1402 44.3288 -0.011765 -0.69647 0.0152572 0.717327         73.8434
VERTEX_SE3:QUAT 143 -33.4715 2.13969 44.3561 -0.0113451 -0.696892 0.0165684 0.716895         74.5425
VERTEX_SE3:QUAT 144 -34.1702 2.11999 44.3808 -0.0131632 -0.698299 0.0143374 0.715542         75.2418
VERTEX_SE3:QUAT 145 -34.851 2.23373 44.3704 -0.00916377 -0.698417 0.0173632 0.715421         75.9322
VERTEX_SE3:QUAT 146 -36.2422 2.2666 44.3912 -0.00836122 -0.699701 0.0170993 0.714182         77.3239
VERTEX_SE3:QUAT 147 -36.9357 2.2827 44.382 -0.00936815 -0.699725 0.0171276 0.714145         78.0176
VERTEX_SE3:QUAT 148 -37.64 2.27524 44.391 -0.0108125 -0.700119 0.0177675 0.713723          78.722
VERTEX_SE3:QUAT 149 -38.3353 2.30832 44.397 -0.0117234 -0.699325 0.0168194 0.71451         79.4182
VERTEX_SE3:QUAT 150 -39.7217 2.35047 44.4104 -0.0104285 -0.697451 0.017991 0.716331         80.8053
VERTEX_SE3:QUAT 151 -41.1135 2.36481 44.4434 -0.0110597 -0.696432 0.0161965 0.717355         82.1976
VERTEX_SE3:QUAT 152 -41.8068 2.38519 44.4571 -0.0117575 -0.696185 0.0170874 0.717563         82.8913
VERTEX_SE3:QUAT 153 -42.4979 2.39023 44.4745 -0.0137856 -0.696436 0.0144209 0.717341         83.5827
VERTEX_SE3:QUAT 154 -43.885 2.43699 44.5015 -0.0124762 -0.695532 0.0152708 0.718225         84.9708
VERTEX_SE3:QUAT 155 -45.2538 2.46906 44.5419 -0.0131617 -0.694137 0.0147364 0.719572         86.3406
VERTEX_SE3:QUAT 156 -46.6469 2.54594 44.583 -0.0129603 -0.693373 0.016514 0.720273         87.7364
VERTEX_SE3:QUAT 157 -47.3322 2.54078 44.5931 -0.0134575 -0.692015 0.0146012 0.72161         88.4218
VERTEX_SE3:QUAT 158 -48.0288 2.57552 44.6153 -0.0146272 -0.690898 0.0162072 0.722622         89.1196
VERTEX_SE3:QUAT 159 -48.7186 2.58534 44.6359 -0.0137716 -0.689357 0.0145209 0.724145         89.8098
VERTEX_SE3:QUAT 160 -50.0843 2.66749 44.7095 -0.0144774 -0.685676 0.0154833 0.727598         91.1799
VERTEX_SE3:QUAT 161 -50.7743 2.66217 44.7531 -0.0161114 -0.684819 0.0122904 0.728432         91.8713
VERTEX_SE3:QUAT 162 -51.4841 2.69303 44.7912 -0.0106614 -0.683936 0.0121665 0.729363         92.5829
VERTEX_SE3:QUAT 163 -52.1657 2.72207 44.8344 -0.0143738 -0.683664 0.0113495 0.729567         93.2664
VERTEX_SE3:QUAT 164 -53.5552 2.79344 44.9125 -0.0131498 -0.684139 0.0103539 0.729159         94.6599
VERTEX_SE3:QUAT 165 -54.2517 2.80603 44.9529 -0.0119768 -0.684367 0.00978024 0.728974         95.3577
VERTEX_SE3:QUAT 166 -55.636 2.8515 45.0404 -0.0100928 -0.68508 0.0112106 0.728312         96.7455
VERTEX_SE3:QUAT 167 -56.3354 2.85457 45.0659 -0.0102848 -0.686297 0.0118961 0.727151         97.4454
VERTEX_SE3:QUAT 168 -57.7216 2.91213 45.1262 -0.0107934 -0.688517 0.0109026 0.725058         98.8341
VERTEX_SE3:QUAT 169 -58.4196 2.93882 45.1384 -0.0112688 -0.689358 0.0110909 0.724248         99.5327
VERTEX_SE3:QUAT 170 -59.1087 2.96892 45.1766 -0.012401 -0.690307 0.0106731 0.723332         100.223
VERTEX_SE3:QUAT 171 -60.4873 3.01847 45.2133 -0.0123517 -0.692047 0.0105672 0.72167         101.603
VERTEX_SE3:QUAT 172 -61.1748 3.02903 45.2504 -0.0127549 -0.692962 0.0102622 0.720788         102.292
VERTEX_SE3:QUAT 173 -62.5501 3.06092 45.2814 -0.0146501 -0.695112 0.00895878 0.718696         103.668
VERTEX_SE3:QUAT 174 -63.2473 3.13378 45.286 -0.012456 -0.695869 0.0107268 0.717981         104.369
VERTEX_SE3:QUAT 175 -64.6295 3.1732 45.3146 -0.0129638 -0.698113 0.00959849 0.715806         105.752
VERTEX_SE3:QUAT 176 -66.0032 3.22267 45.339 -0.0123798 -0.699431 0.00914159 0.714534         107.127
VERTEX_SE3:QUAT 177 -66.6943 3.24691 45.3503 -0.013487 -0.700525 0.00779386 0.713458         107.819
VERTEX_SE3:QUAT 178 -67.3954 3.27426 45.3591 -0.0127629 -0.701293 0.00878317 0.712705          108.52
VERTEX_SE3:QUAT 179 -68.0939 3.30605 45.371 -0.0120138 -0.702393 0.0100052 0.711618          109.22
VERTEX_SE3:QUAT 180 -68.7839 3.31272 45.3553 -0.0141284 -0.702117 0.00837314 0.711873          109.91
VERTEX_SE3:QUAT 181 -70.1739 3.33198 45.3641 -0.0147395 -0.703082 0.00804921 0.71091           111.3
VERTEX_SE3:QUAT 182 -70.8659 3.35579 45.3725 -0.015209 -0.703897 0.00720234 0.710103         111.992
VERTEX_SE3:QUAT 183 -71.5524 3.47472 45.3689 -0.0133311 -0.703915 0.00820584 0.710112         112.689
VERTEX_SE3:QUAT 184 -72.9564 3.52559 45.3642 -0.0125265 -0.70408 0.00962177 0.709945         114.094
VERTEX_SE3:QUAT 185 -73.6407 3.53865 45.3562 -0.0123853 -0.703269 0.0103647 0.71074         114.779
VERTEX_SE3:QUAT 186 -75.0227 3.60558 45.3568 -0.0139204 -0.702674 0.011574 0.711282         116.162
VERTEX_SE3:QUAT 187 -75.7386 3.66305 45.3648 -0.00962961 -0.702593 0.0114377 0.711435          116.88
VERTEX_SE3:QUAT 188 -77.1152 3.66311 45.3645 -0.0149567 -0.701384 0.00849495 0.712576         118.257
VERTEX_SE3:QUAT 189 -77.8339 3.65957 45.3845 -0.0114207 -0.702175 0.0114888 0.71182         118.976
VERTEX_SE3:QUAT 190 -79.2107 3.70279 45.3914 -0.0132179 -0.700864 0.00965115 0.713107         120.353
VERTEX_SE3:QUAT 191 -80.6026 3.76873 45.409 -0.0136276 -0.699023 0.00810739 0.714924         121.747
VERTEX_SE3:QUAT 192 -81.2945 3.82818 45.4231 -0.0145333 -0.698639 0.0087507 0.715274         122.442
VERTEX_SE3:QUAT 193 -81.9875 3.87886 45.4296 -0.0152101 -0.69751 0.0102305 0.716341         123.137
VERTEX_SE3:QUAT 194 -83.3746 3.94395 45.4561 -0.0161553 -0.695221 0.00971886 0.718549         124.525
VERTEX_SE3:QUAT 195 -84.061 3.93868 45.4635 -0.0159476 -0.693861 0.00808174 0.719887         125.212
VERTEX_SE3:QUAT 196 -85.4522 4.00532 45.5174 -0.0133127 -0.6922 0.00971413 0.721518         126.606
VERTEX_SE3:QUAT 197 -86.1732 3.98441 45.5357 -0.012567 -0.69189 0.00857139 0.721842         127.327
VERTEX_SE3:QUAT 198 -87.606 4.08236 45.5913 -0.0143218 -0.692461 0.00907239 0.721257         128.764
VERTEX_SE3:QUAT 199 -88.3341 4.12248 45.6078 -0.0176029 -0.692966 0.00888862 0.720701         129.494
VERTEX_SE3:QUAT 200 -89.8498 4.16451 45.6455 -0.0167624 -0.694201 0.00681372 0.719554         131.011
VERTEX_SE3:QUAT 201 -90.6309 4.17977 45.6523 -0.0168332 -0.694262 0.00767748 0.719485         131.792
VERTEX_SE3:QUAT 202 -92.1923 4.30877 45.7072 -0.0180364 -0.694278 0.00859763 0.719429          133.36
VERTEX_SE3:QUAT 203 -93.7903 4.36839 45.7478 -0.0148441 -0.69476 0.0104391 0.719012         134.959
VERTEX_SE3:QUAT 204 -94.5884 4.41914 45.757 -0.0171027 -0.695156 0.00978005 0.718589         135.759
VERTEX_SE3:QUAT 205 -95.37 4.41047 45.7669 -0.0209984 -0.694867 0.00317843 0.718825         136.541
VERTEX_SE3:QUAT 206 -96.9819 4.52233 45.8 -0.0208971 -0.694555 0.005211 0.719118         138.157
VERTEX_SE3:QUAT 207 -98.5838 4.57062 45.8539 -0.0187368 -0.693927 0.00815033 0.719755          139.76
VERTEX_SE3:QUAT 208 -99.3781 4.58788 45.8735 -0.02054 -0.693627 0.00591753 0.720017         140.555
VERTEX_SE3:QUAT 209 -100.988 4.63955 45.9076 -0.0196755 -0.693654 0.00575258 0.720016         142.166
VERTEX_SE3:QUAT 210 -101.777 4.74565 45.9372 -0.0205997 -0.693101 0.00641452 0.720517         142.963
VERTEX_SE3:QUAT 211 -103.378 4.79416 45.9683 -0.0201485 -0.693642 0.00520782 0.720019         144.565
VERTEX_SE3:QUAT 212 -104.169 4.81724 45.9865 -0.0177731 -0.693456 0.00707719 0.720245         145.356
VERTEX_SE3:QUAT 213 -105.764 4.91334 46.0216 -0.0219387 -0.693531 0.00392929 0.720082         146.955
VERTEX_SE3:QUAT 214 -106.57 4.94857 46.0626 -0.0156216 -0.692975 0.0102443 0.72072         147.762
VERTEX_SE3:QUAT 215 -108.157 5.05056 46.0957 -0.0218362 -0.692799 0.0070721 0.720766         149.353
VERTEX_SE3:QUAT 216 -109.752 5.19416 46.1437 -0.0199861 -0.69242 0.00581206 0.721194         150.955
VERTEX_SE3:QUAT 217 -111.338 5.20754 46.1854 -0.0201173 -0.692028 0.00773136 0.721549         152.542
VERTEX_SE3:QUAT 218 -112.92 5.3222 46.2419 -0.0232025 -0.691842 0.00176514 0.721674         154.129
VERTEX_SE3:QUAT 219 -113.745 5.38416 46.2562 -0.0176501 -0.692007 0.00918922 0.721616         154.957
VERTEX_SE3:QUAT 220 -115.317 5.41795 46.3215 -0.0233777 -0.691123 0.0023938 0.722355          156.53
VERTEX_SE3:QUAT 221 -116.914 5.51791 46.386 -0.0234313 -0.691429 0.00327576 0.722057         158.132
VERTEX_SE3:QUAT 222 -117.729 5.6277 46.408 -0.0157992 -0.691366 0.0086684 0.72228         158.955
VERTEX_SE3:QUAT 223 -119.317 5.66845 46.4549 -0.0181305 -0.690525 0.00472728 0.723066         160.543
VERTEX_SE3:QUAT 224 -120.914 5.75412 46.5263 -0.0178213 -0.690381 0.00411617 0.723214         162.145
VERTEX_SE3:QUAT 225 -121.713 5.76615 46.5469 -0.0183083 -0.690302 0.0032607 0.723282         162.943
VERTEX_SE3:QUAT 226 -123.309 5.88026 46.6025 -0.0174843 -0.691644 0.00458694 0.722012         164.545
VERTEX_SE3:QUAT 227 -124.096 5.8907 46.6153 -0.0192022 -0.692381 0.00266727 0.721272         165.332
VERTEX_SE3:QUAT 228 -125.703 5.97585 46.665 -0.0188776 -0.696018 0.00451441 0.717762         166.942
VERTEX_SE3:QUAT 229 -126.496 6.05555 46.6681 -0.0185931 -0.697123 0.00458359 0.716696         167.739
VERTEX_SE3:QUAT 230 -128.09 6.062 46.6955 -0.0191349 -0.700033 0.00380861 0.713844         169.333
VERTEX_SE3:QUAT 231 -128.89 6.19625 46.6959 -0.0178743 -0.702341 0.0033377 0.711608         170.144
VERTEX_SE3:QUAT 232 -129.686 6.23016 46.6894 -0.0175154 -0.70274 0.00462345 0.711216         170.941
VERTEX_SE3:QUAT 233 -130.488 6.23938 46.6867 -0.0173 -0.70407 0.00322966 0.709912         171.743
VERTEX_SE3:QUAT 234 -132.083 6.32964 46.6785 -0.0169594 -0.706803 0.00188044 0.707204         173.341
VERTEX_SE3:QUAT 235 -132.885 6.38566 46.6738 -0.0170043 -0.709085 0.00164634 0.704916         174.145
VERTEX_SE3:QUAT 236 -133.663 6.46116 46.6566 -0.0171506 -0.709982 0.00257192 0.704006         174.927
VERTEX_SE3:QUAT 237 -134.466 6.47236 46.6452 -0.018126 -0.711813 0.00226325 0.702131          175.73
VERTEX_SE3:QUAT 238 -135.273 6.44536 46.6273 -0.0218665 -0.713883 -0.000956668 0.699923         176.538
VERTEX_SE3:QUAT 239 -136.061 6.56021 46.6003 -0.0227944 -0.716138 -0.0012596 0.697585         177.334
VERTEX_SE3:QUAT 240 -136.877 6.63337 46.5792 -0.0121869 -0.719096 0.00702455 0.694768         178.153
VERTEX_SE3:QUAT 241 -138.439 6.71753 46.5084 -0.0160489 -0.72524 0.00188448 0.688306         179.719
VERTEX_SE3:QUAT 242 -139.26 6.72398 46.4552 -0.0127791 -0.728827 0.00415596 0.684566         180.542
VERTEX_SE3:QUAT 243 -140.022 6.7992 46.4044 -0.0201418 -0.731441 -0.00201861 0.681604          181.31
VERTEX_SE3:QUAT 244 -141.614 6.85296 46.2665 -0.0165456 -0.737747 0.000748586 0.674874         182.909
VERTEX_SE3:QUAT 245 -142.405 6.91808 46.173 -0.0175054 -0.74086 0.00151334 0.671429         183.708
VERTEX_SE3:QUAT 246 -143.981 6.98473 45.9942 -0.0186893 -0.746897 0.000313386 0.664677         185.296
VERTEX_SE3:QUAT 247 -144.775 7.07661 45.8901 -0.0180518 -0.75028 0.00206716 0.660871         186.101
VERTEX_SE3:QUAT 248 -145.555 7.08412 45.7795 -0.0208656 -0.753155 -0.00258932 0.657507         186.889
VERTEX_SE3:QUAT 249 -146.356 7.15169 45.6663 -0.0188481 -0.756181 0.00133755 0.65409         187.701
VERTEX_SE3:QUAT 250 -147.133 7.19021 45.5369 -0.0185794 -0.759345 0.000510209 0.650423         188.489
VERTEX_SE3:QUAT 251 -148.689 7.26221 45.2673 -0.0185515 -0.765361 -0.00017574 0.643334         190.071
VERTEX_SE3:QUAT 252 -149.454 7.3079 45.1255 -0.0175778 -0.768342 0.0022249 0.639794          190.85
VERTEX_SE3:QUAT 253 -150.217 7.39372 44.9832 -0.0201838 -0.77045 0.000865536 0.63718         191.631
VERTEX_SE3:QUAT 254 -151.723 7.47302 44.6511 -0.0213355 -0.775577 0.00357242 0.630882         193.175
VERTEX_SE3:QUAT 255 -152.447 7.50744 44.4779 -0.0223626 -0.7776 0.0025185 0.628356          193.92
VERTEX_SE3:QUAT 256 -153.911 7.59826 44.1453 -0.0272214 -0.77902 0.00401003 0.626395         195.424
VERTEX_SE3:QUAT 257 -154.658 7.66032 43.9604 -0.0268723 -0.779905 0.00449506 0.625305         196.196
VERTEX_SE3:QUAT 258 -155.384 7.69281 43.7881 -0.028029 -0.780787 0.00572011 0.624142         196.943
VERTEX_SE3:QUAT 259 -156.11 7.7228 43.6034 -0.0279064 -0.782512 0.00561462 0.621985         197.693
VERTEX_SE3:QUAT 260 -157.592 7.84509 43.2491 -0.026595 -0.786981 0.00705092 0.616363         199.221
VERTEX_SE3:QUAT 261 -159.073 7.92725 42.8579 -0.0239336 -0.795533 0.00863976 0.605376         200.756
VERTEX_SE3:QUAT 262 -159.781 7.95124 42.6562 -0.0236717 -0.801145 0.00885925 0.597937         201.492
VERTEX_SE3:QUAT 263 -160.456 7.97589 42.4103 -0.0231182 -0.807934 0.00941548 0.588744         202.211
VERTEX_SE3:QUAT 264 -161.117 8.01319 42.195 -0.0245007 -0.814405 0.00816752 0.579722         202.907
VERTEX_SE3:QUAT 265 -162.382 8.08175 41.7164 -0.025585 -0.828705 0.0066931 0.55906         204.261
VERTEX_SE3:QUAT 266 -162.988 8.12043 41.4377 -0.0250399 -0.836221 0.00845932 0.547756         204.929
VERTEX_SE3:QUAT 267 -164.129 8.1946 40.9095 -0.0240004 -0.85333 0.0102397 0.520718         206.188
VERTEX_SE3:QUAT 268 -164.672 8.20471 40.6083 -0.0247643 -0.861282 0.00942337 0.507436          206.81
VERTEX_SE3:QUAT 269 -165.7 8.27309 39.9659 -0.024583 -0.875506 0.00997923 0.482479         208.024
VERTEX_SE3:QUAT 270 -166.187 8.3143 39.6471 -0.0246555 -0.883842 0.0111013 0.467004         208.608
VERTEX_SE3:QUAT 271 -167.152 8.34001 38.9303 -0.0237832 -0.899503 0.0112243 0.436123          209.81
VERTEX_SE3:QUAT 272 -167.608 8.32999 38.556 -0.0275403 -0.908415 0.00923064 0.417059           210.4
VERTEX_SE3:QUAT 273 -168.054 8.35278 38.1203 -0.0265867 -0.916327 0.0112017 0.399391         211.024
VERTEX_SE3:QUAT 274 -168.946 8.36535 37.1909 -0.0274248 -0.932766 0.0112261 0.359262         212.312
VERTEX_SE3:QUAT 275 -169.379 8.39906 36.6948 -0.0291566 -0.940754 0.0115824 0.337635         212.971
VERTEX_SE3:QUAT 276 -170.198 8.46384 35.6099 -0.0255908 -0.955707 0.0142185 0.29286         214.332
VERTEX_SE3:QUAT 277 -170.54 8.49354 35.0079 -0.0281066 -0.961833 0.0166113 0.271684         215.025
VERTEX_SE3:QUAT 278 -171.213 8.53197 33.7907 -0.0293748 -0.972633 0.0204238 0.229578         216.417
VERTEX_SE3:QUAT 279 -171.774 8.52347 32.5011 -0.0303566 -0.979877 0.0196205 0.196304         217.823
VERTEX_SE3:QUAT 280 -172.029 8.46679 31.8452 -0.0313349 -0.98272 0.0158998 0.181735         218.529
VERTEX_SE3:QUAT 281 -172.499 8.53071 30.5094 -0.0319041 -0.98658 0.0205135 0.158812         219.947
VERTEX_SE3:QUAT 282 -172.897 8.55307 29.1926 -0.0338522 -0.987274 0.0232087 0.153641         221.323
VERTEX_SE3:QUAT 283 -173.317 8.54441 27.8853 -0.0354602 -0.984234 0.022207 0.171853         222.696
VERTEX_SE3:QUAT 284 -173.81 8.55513 26.6678 -0.0353683 -0.977998 0.0206414 0.204557         224.009
VERTEX_SE3:QUAT 285 -174.361 8.57441 25.517 -0.0347117 -0.968771 0.0173284 0.244901         225.285
VERTEX_SE3:QUAT 286 -175.017 8.59131 24.4515 -0.0338518 -0.957367 0.0141031 0.286539         226.536
VERTEX_SE3:QUAT 287 -175.361 8.5986 23.9305 -0.0349204 -0.951104 0.0133568 0.306601         227.161
VERTEX_SE3:QUAT 288 -175.746 8.63651 23.4069 -0.0373485 -0.94403 0.0102744 0.327577         227.812
VERTEX_SE3:QUAT 289 -176.612 8.68748 22.3645 -0.0371853 -0.928722 0.0100822 0.36877         229.168
VERTEX_SE3:QUAT 290 -177.102 8.67371 21.8628 -0.0384047 -0.920611 0.00726741 0.38852         229.869
VERTEX_SE3:QUAT 291 -178.193 8.77897 20.8744 -0.0362279 -0.905055 0.00640407 0.423701         231.345
VERTEX_SE3:QUAT 292 -178.771 8.78913 20.3873 -0.0368644 -0.897703 0.0067201 0.439006         232.101
VERTEX_SE3:QUAT 293 -180.028 8.8976 19.452 -0.0338115 -0.889778 0.00471411 0.455116         233.672
VERTEX_SE3:QUAT 294 -181.288 8.94669 18.5111 -0.0327822 -0.889902 0.00704879 0.454918         235.246
VERTEX_SE3:QUAT 295 -182.574 9.02341 17.543 -0.0323993 -0.891067 0.007498 0.452652         236.857
VERTEX_SE3:QUAT 296 -183.207 9.08388 17.0608 -0.0324115 -0.891373 0.0086939 0.452026         237.655
VERTEX_SE3:QUAT 297 -183.837 9.08717 16.5965 -0.0365295 -0.891023 -0.000889094 0.452485         238.437
VERTEX_SE3:QUAT 298 -185.097 9.23197 15.6565 -0.0360311 -0.890283 -0.00100573 0.45398         240.016
VERTEX_SE3:QUAT 299 -186.355 9.32701 14.7515 -0.0330236 -0.889174 0.000455064 0.456375         241.569
VERTEX_SE3:QUAT 300 -186.994 9.33866 14.2868 -0.0341378 -0.889375 -0.00484498 0.455877         242.359
VERTEX_SE3:QUAT 301 -188.277 9.4747 13.359 -0.0300991 -0.887959 0.00115816 0.458936         243.948
VERTEX_SE3:QUAT 302 -188.943 9.55917 12.8695 -0.0257017 -0.887471 0.00905836 0.460057         244.779
VERTEX_SE3:QUAT 303 -190.259 9.65389 11.9333 -0.0281422 -0.885546 0.00622549 0.463658         246.396
VERTEX_SE3:QUAT 304 -190.916 9.62158 11.4695 -0.0331265 -0.885362 0.000255375 0.463721         247.201
VERTEX_SE3:QUAT 305 -192.278 9.73983 10.5027 -0.0295215 -0.884294 0.00222523 0.465991         248.876
VERTEX_SE3:QUAT 306 -192.967 9.78792 10.0298 -0.0326209 -0.884422 0.000242236 0.465546         249.713
VERTEX_SE3:QUAT 307 -194.392 9.8891 9.04258 -0.0220976 -0.887489 0.0193392 0.459893          251.45
VERTEX_SE3:QUAT 308 -195.045 9.9001 8.53747 -0.0241155 -0.88856 0.0139103 0.457914         252.276
VERTEX_SE3:QUAT 309 -196.387 9.94565 7.55773 -0.025414 -0.891072 0.0189065 0.452756         253.937
VERTEX_SE3:QUAT 310 -197.038 9.94863 7.06285 -0.0246921 -0.891646 0.0219995 0.451525         254.755
VERTEX_SE3:QUAT 311 -198.253 10.07 6.13542 -0.0308244 -0.893057 0.00768581 0.44882         256.288
VERTEX_SE3:QUAT 312 -198.878 9.99708 5.66373 -0.0336901 -0.892639 0.00779226 0.449444         257.075
VERTEX_SE3:QUAT 313 -200.061 10.1258 4.76746 -0.0325361 -0.892465 0.0085174 0.449862         258.565
VERTEX_SE3:QUAT 314 -201.219 10.2061 3.90033 -0.0346245 -0.893041 0.00617172 0.4486         260.013
VERTEX_SE3:QUAT 315 -201.782 10.2537 3.46184 -0.0345952 -0.893629 0.0040273 0.447453         260.729
VERTEX_SE3:QUAT 316 -202.934 10.3132 2.58175 -0.0339605 -0.893977 0.00177371 0.44682         262.179
VERTEX_SE3:QUAT 317 -203.516 10.4135 2.1386 -0.0322682 -0.894006 0.00244494 0.446885         262.918
VERTEX_SE3:QUAT 318 -204.135 10.3784 1.67567 -0.0309556 -0.894161 0.00418887 0.446655         263.691
VERTEX_SE3:QUAT 319 -204.713 10.4684 1.2207 -0.033115 -0.894202 0.000787098 0.446436         264.433
VERTEX_SE3:QUAT 320 -205.94 10.5126 0.294637 -0.0341116 -0.894294 4.76795e-05 0.446178         265.971
VERTEX_SE3:QUAT 321 -207.131 10.6299 -0.611258 -0.029772 -0.893738 0.00443525 0.447578         267.472
VERTEX_SE3:QUAT 322 -207.7 10.7004 -1.04674 -0.0299263 -0.893447 0.00646417 0.448123         268.192
VERTEX_SE3:QUAT 323 -208.811 10.7563 -1.88922 -0.0297674 -0.893546 0.00436556 0.447963         269.587
VERTEX_SE3:QUAT 324 -209.338 10.8053 -2.28686 -0.028981 -0.89331 0.00655793 0.448457         270.249
VERTEX_SE3:QUAT 325 -209.834 10.8393 -2.65766 -0.0287726 -0.893676 0.00533988 0.447758         270.869
VERTEX_SE3:QUAT 326 -210.787 10.8843 -3.3813 -0.0297566 -0.892975 0.00520438 0.449092         272.067
VERTEX_SE3:QUAT 327 -211.236 10.941 -3.72584 -0.0301109 -0.893558 0.00458635 0.447914         272.635
VERTEX_SE3:QUAT 328 -212.117 11.0028 -4.3904 -0.0281588 -0.895757 0.00455284 0.443628         273.741
VERTEX_SE3:QUAT 329 -212.54 11.0141 -4.7291 -0.0272831 -0.898237 0.00450645 0.438641         274.283
VERTEX_SE3:QUAT 330 -213.356 11.0072 -5.39224 -0.0297443 -0.903817 0.00124858 0.426882         275.334
VERTEX_SE3:QUAT 331 -214.148 11.1221 -6.09184 -0.0305963 -0.912408 0.00284437 0.408127         276.397
VERTEX_SE3:QUAT 332 -214.553 11.1481 -6.45774 -0.03007 -0.917247 0.00341077 0.397168         276.944
VERTEX_SE3:QUAT 333 -215.309 11.2082 -7.26383 -0.0302899 -0.93105 0.00435418 0.363606          278.05
VERTEX_SE3:QUAT 334 -216.054 11.2384 -8.15172 -0.0287175 -0.945061 0.00491478 0.325592          279.21
VERTEX_SE3:QUAT 335 -216.397 11.2736 -8.63917 -0.0307402 -0.952486 0.00508159 0.302984         279.807
VERTEX_SE3:QUAT 336 -217.046 11.2946 -9.66512 -0.0318539 -0.966286 0.00593024 0.255423         281.021
VERTEX_SE3:QUAT 337 -217.331 11.3357 -10.2096 -0.0303647 -0.97286 0.00866349 0.229232         281.637
VERTEX_SE3:QUAT 338 -217.794 11.3815 -11.3588 -0.0308688 -0.984167 0.0168995 0.173717         282.877
VERTEX_SE3:QUAT 339 -218.121 11.3672 -12.559 -0.0371194 -0.991835 0.0191241 0.120502         284.121
VERTEX_SE3:QUAT 340 -218.241 11.4003 -13.1684 -0.0367749 -0.994457 0.0215522 0.0961187         284.743
VERTEX_SE3:QUAT 341 -218.396 11.4159 -14.3759 -0.0362502 -0.998067 0.0192119 0.0466793         285.961
VERTEX_SE3:QUAT 342 -218.422 11.3889 -15.575 0.0405872 0.999014 -0.0179892 -0.000296766          287.16
VERTEX_SE3:QUAT 343 -218.354 11.3976 -16.7658 0.0430514 0.998162 -0.017208 0.0390235         288.353
VERTEX_SE3:QUAT 344 -218.292 11.3704 -17.325 0.0439289 0.997054 -0.0157285 0.0608819         288.916
VERTEX_SE3:QUAT 345 -218.09 11.3562 -18.5064 0.0456338 0.993799 -0.0190801 0.099581         290.115
VERTEX_SE3:QUAT 346 -217.805 11.3481 -19.6377 0.0453204 0.98896 -0.0215691 0.139425         291.282
VERTEX_SE3:QUAT 347 -217.433 11.2884 -20.7554 0.0451973 0.982437 -0.0216336 0.179742         292.461
VERTEX_SE3:QUAT 348 -216.959 11.2723 -21.8507 0.0432747 0.974312 -0.0282831 0.219189         293.655
VERTEX_SE3:QUAT 349 -216.414 11.243 -22.8322 0.0434726 0.965066 -0.0309348 0.256515         294.777
VERTEX_SE3:QUAT 350 -215.858 11.1901 -23.7314 0.0424146 0.95586 -0.0325275 0.288918         295.836
VERTEX_SE3:QUAT 351 -215.556 11.1697 -24.147 0.0423015 0.952453 -0.0324124 0.299989          296.35
VERTEX_SE3:QUAT 352 -214.943 11.1249 -24.9524 0.0447659 0.947969 -0.0328971 0.313477         297.363
VERTEX_SE3:QUAT 353 -214.362 11.0481 -25.7077 0.0462169 0.946952 -0.0313219 0.316489         298.319
VERTEX_SE3:QUAT 354 -213.774 11.0198 -26.4698 0.0472189 0.947088 -0.0315605 0.31591         299.282
VERTEX_SE3:QUAT 355 -213.491 10.9043 -26.8546 0.0475589 0.946631 -0.028577 0.317508         299.774
VERTEX_SE3:QUAT 356 -212.886 10.8925 -27.6386 0.0464733 0.946318 -0.0284889 0.318606         300.764
VERTEX_SE3:QUAT 357 -212.575 10.8649 -28.0329 0.0464972 0.945972 -0.0285952 0.31962         301.267
VERTEX_SE3:QUAT 358 -211.92 10.8144 -28.8793 0.0465094 0.945469 -0.0289689 0.32107         302.338
VERTEX_SE3:QUAT 359 -211.576 10.8016 -29.3079 0.0474072 0.945392 -0.0280756 0.321246         302.888
VERTEX_SE3:QUAT 360 -210.868 10.7422 -30.213 0.0477967 0.945331 -0.0317621 0.321022         304.039
VERTEX_SE3:QUAT 361 -210.158 10.6716 -31.1193 0.0493772 0.945749 -0.0300819 0.319711         305.193
VERTEX_SE3:QUAT 362 -209.456 10.612 -32.0609 0.0493286 0.947245 -0.030855 0.315184         306.368
VERTEX_SE3:QUAT 363 -209.094 10.5691 -32.5308 0.0483709 0.947868 -0.0304703 0.313494         306.963
VERTEX_SE3:QUAT 364 -208.755 10.549 -32.9976 0.0493224 0.949003 -0.0306971 0.309868          307.54
VERTEX_SE3:QUAT 365 -208.077 10.4566 -33.9319 0.0479669 0.950573 -0.0290819 0.305391         308.698
VERTEX_SE3:QUAT 366 -207.394 10.4278 -34.8838 0.048722 0.952029 -0.0310481 0.300504          309.87
VERTEX_SE3:QUAT 367 -206.756 10.3643 -35.8199 0.0492569 0.953361 -0.0309052 0.296179         311.005
VERTEX_SE3:QUAT 368 -206.435 10.3306 -36.2655 0.0487988 0.953987 -0.031184 0.294202         311.555
VERTEX_SE3:QUAT 369 -205.79 10.2759 -37.2004 0.0486497 0.95515 -0.0306423 0.290487         312.692
VERTEX_SE3:QUAT 370 -205.474 10.2309 -37.6587 0.0485854 0.955687 -0.0297019 0.288825         313.251
VERTEX_SE3:QUAT 371 -204.853 10.1719 -38.5881 0.0499577 0.955901 -0.0319576 0.287638          314.37
VERTEX_SE3:QUAT 372 -204.533 10.1511 -39.0592 0.0492948 0.955519 -0.0327856 0.288926          314.94
VERTEX_SE3:QUAT 373 -203.895 10.0741 -39.9877 0.0479887 0.955014 -0.0212171 0.291883         316.069
VERTEX_SE3:QUAT 374 -203.561 10.0123 -40.4894 0.0486569 0.954241 -0.0305946 0.293463         316.675
VERTEX_SE3:QUAT 375 -202.852 9.95003 -41.5105 0.0492165 0.95311 -0.0297494 0.29711          317.92
VERTEX_SE3:QUAT 376 -202.086 9.88574 -42.6039 0.0466917 0.951721 -0.0263811 0.302242         319.257
VERTEX_SE3:QUAT 377 -201.251 9.82579 -43.7393 0.0469085 0.950539 -0.0257713 0.305958         320.667
VERTEX_SE3:QUAT 378 -200.407 9.77317 -44.8922 0.0485112 0.949633 -0.0267976 0.308424         322.097
VERTEX_SE3:QUAT 379 -199.541 9.703 -46.0536 0.0470096 0.948797 -0.0263454 0.311256         323.547
VERTEX_SE3:QUAT 380 -198.682 9.6259 -47.1982 0.0472713 0.949058 -0.0260484 0.310444         324.981
VERTEX_SE3:QUAT 381 -197.868 9.55091 -48.3209 0.0464567 0.949511 -0.0247023 0.309291         326.369
VERTEX_SE3:QUAT 382 -197.457 9.5524 -48.8857 0.0467703 0.949635 -0.0252887 0.308814         327.068
VERTEX_SE3:QUAT 383 -196.647 9.48506 -49.9738 0.0475111 0.950311 -0.0239925 0.306719         328.426
VERTEX_SE3:QUAT 384 -195.874 9.44289 -51.0523 0.0455288 0.950963 -0.0249653 0.304915         329.753
VERTEX_SE3:QUAT 385 -195.106 9.37874 -52.1444 0.0452754 0.950695 -0.0242945 0.305843          331.09
VERTEX_SE3:QUAT 386 -194.335 9.31837 -53.1667 0.0437456 0.948674 -0.0241346 0.312284         332.372
VERTEX_SE3:QUAT 387 -193.537 9.31461 -54.2215 0.0439254 0.943128 -0.027797 0.328342         333.694
VERTEX_SE3:QUAT 388 -192.739 9.2287 -55.1603 0.0423108 0.934844 -0.0275793 0.351449          334.93
VERTEX_SE3:QUAT 389 -191.956 9.20499 -55.9989 0.0419996 0.923839 -0.0298053 0.379301         336.077
VERTEX_SE3:QUAT 390 -191.13 9.149 -56.7442 0.0416245 0.907343 -0.0323628 0.417072         337.191
VERTEX_SE3:QUAT 391 -190.315 9.07768 -57.3471 0.0399395 0.883706 -0.0325361 0.465199         338.207
VERTEX_SE3:QUAT 392 -189.431 9.00335 -57.8513 0.0391066 0.852862 -0.0361659 0.519412         339.228
VERTEX_SE3:QUAT 393 -188.535 8.93371 -58.224 0.037243 0.81946 -0.035642 0.570814           340.2
VERTEX_SE3:QUAT 394 -187.616 8.85825 -58.4833 0.0361602 0.781098 -0.0352838 0.622361         341.159
VERTEX_SE3:QUAT 395 -186.618 8.78338 -58.6174 0.0344411 0.73537 -0.0352137 0.675873         342.168
VERTEX_SE3:QUAT 396 -185.561 8.73061 -58.605 0.0368384 0.683464 -0.0397262 0.727971         343.227
VERTEX_SE3:QUAT 397 -184.476 8.64083 -58.4462 0.0370418 0.631496 -0.0420429 0.773352         344.327
VERTEX_SE3:QUAT 398 -183.406 8.55961 -58.1213 0.035453 0.582712 -0.0411889 0.81086         345.448
VERTEX_SE3:QUAT 399 -182.369 8.48675 -57.6798 0.03685 0.545061 -0.0423451 0.836515         346.578
VERTEX_SE3:QUAT 400 -181.347 8.36597 -57.1811 0.0364963 0.521797 -0.0399836 0.85135         347.722
VERTEX_SE3:QUAT 401 -179.88 8.27757 -56.3712 0.0378024 0.507568 -0.0368088 0.859995           349.4
VERTEX_SE3:QUAT 402 -178.913 8.20417 -55.8468 0.0388995 0.520306 -0.0354777 0.852356         350.502
VERTEX_SE3:QUAT 403 -177.919 8.13486 -55.3722 0.0395649 0.544732 -0.0351922 0.836937         351.605
VERTEX_SE3:QUAT 404 -176.939 8.04883 -54.9813 0.0392498 0.56926 -0.0346254 0.82049         352.664
VERTEX_SE3:QUAT 405 -175.909 7.99946 -54.63 0.0427572 0.595535 -0.0344576 0.80145         353.754
VERTEX_SE3:QUAT 406 -174.875 7.91436 -54.3758 0.0427025 0.623048 -0.0372828 0.780127         354.821
VERTEX_SE3:QUAT 407 -173.817 7.81746 -54.1705 0.0432959 0.656387 -0.0339585 0.752415         355.903
VERTEX_SE3:QUAT 408 -172.741 7.7433 -54.097 0.0446772 0.694249 -0.0352948 0.717479         356.985
VERTEX_SE3:QUAT 409 -171.789 7.65669 -54.113 0.0438096 0.73085 -0.0310642 0.680422         357.941
VERTEX_SE3:QUAT 410 -170.956 7.60339 -54.242 0.0380943 0.760017 -0.0379156 0.647677         358.785
VERTEX_SE3:QUAT 411 -169.945 7.52575 -54.4826 0.0408269 0.799646 -0.0322887 0.598211         359.828
VERTEX_SE3:QUAT 412 -169.366 7.46793 -54.7056 0.0402271 0.826817 -0.032277 0.560101         360.451
VERTEX_SE3:QUAT 413 -168.76 7.41217 -54.9909 0.041662 0.854315 -0.0299716 0.517215         361.123
VERTEX_SE3:QUAT 414 -168.148 7.38699 -55.3406 0.0451094 0.880809 -0.0275254 0.470513         361.829
VERTEX_SE3:QUAT 415 -167.618 7.34108 -55.7926 0.0438336 0.904154 -0.0260683 0.424153         362.526
